$ANSIBLE_VAULT;1.1;AES256
32373930373931386130333461636439396533616538393465643034613330633635633136333963
3936343764346638633366653565323230393362313161630a393762346538626531373934653066
64373037343133613636643162663939613636393966373130323530663634316135646364393039
6535646638333737300a383334653033646465343665323366616436643336363062626134633732
37376437613731626564633835623963356535666636356639346237363334613861633964636138
32343334303637396538633466396566373862326530373164353862386231656264303362623732
64386639656461343565636663366630323839663634383230346636353535366461323131636438
31323563343062333862313063313662343334313132363665623931303865386163336437623465
64613863626135396439383766653837643637666262316366643138313564326363383065353661
32643439623537653762643762366465383064353236336363306365623133666434326533343539
30623139653330376235303638636438616164396262626132333764353235623537343131633739
37646534333966613137
